285
98
94
73
115
351
339
368
241
357
154
221
147
413
398
304
68
65
179
38
488
111
359
96
141
98
44
398
12
322
97
117
335
330
124
176
95
419
487
245
26
136
294
246
111
278
405
352
87
391
429
485
437
273
225
316
394
471
403
267
445
280
323
9
323
249
93
466
12
174
73
309
248
102
372
459
13
330
350
88
44
404
116
119
323
122
29
223
85
31
200
323
316
426
486
89
248
356
498
444
367
117
96
60
407
256
387
359
353
70
232
12
438
105
240
441
147
159
271
319
214
278
434
66
124
260
87
356
111
151
342
110
160
247
56
499
5
97
340
446
130
497
52
123
269
493
302
450
408
383
450
101
280
213
105
498
370
281
126
311
411
132
122
463
390
65
454
126
39
126
230
221
344
112
309
421
38
69
302
147
106
295
67
72
283
336
214
116
53
489
102
453
149
302
341
3
57
71
289
440
11
342
57
183
496
414
4
407
245
332
239
31
243
394
121
229
224
146
260
422
173
385
16
282
325
159
497
231
162
264
62
441
421
246
323
333
85
404
136
80
389
283
113
103
316
180
113
75
103
143
244
416
231
469
367
300
437
203
90
147
205
144
273
130
268
337
25
171
112
81
206
441
470
421
425
362
328
154
42
107
418
328
166
97
227
240
155
4
488
435
121
250
185
212
421
6
53
116
165
196
76
446
214
489
489
247
175
309
276
316
409
327
172
201
24
466
160
198
381
396
475
355
89
40
102
467
6
70
275
83
243
408
478
498
158
225
446
260
362
443
163
165
213
235
363
261
321
22
31
344
45
476
401
462
495
18
457
410
29
322
435
236
258
308
318
238
41
148
340
460
487
265
486
202
455
330
491
9
55
266
339
178
146
243
264
256
338
184
250
40
490
261
32
78
211
395
94
165
361
259
171
349
49
275
248
426
134
113
57
444
226
197
84
199
185
197
64
238
119
37
480
358
388
387
67
106
101
170
309
280
118
58
441
424
48
471
446
338
251
83
61
66
335
315
267
407
161
340
302
407
337
78
147
364
223
201
39
323
429
133
461
82
313
43
147
187
485
356
83
437
305
241
1
376
381
122
388
303
74
169
477
264
493
306
252
56
496
203
448
227
194
282
50
72
445
217
291
138
360
427
156
223
297
86
380
374
365
115
446
387
425
186
90
309
86
221
295
437
206
392
296
318
396
120
77
249
15
78
373
276
172
187
168
197
226
119
196
59
287
296
442
158
214
391
140
41
117
324
275
5
354
268
80
97
36
145
41
114
22
126
392
102
421
133
116
359
92
339
449
431
146
165
375
116
440
283
128
460
85
115
192
260
440
332
302
63
114
357
443
166
467
362
348
115
108
268
2
208
397
247
140
491
442
221
246
262
104
362
53
67
491
93
47
203
463
84
462
217
129
257
282
405
349
285
242
316
233
89
326
245
138
342
269
239
176
465
54
96
205
130
416
361
334
258
340
333
423
23
59
58
82
344
59
333
169
396
74
204
295
99
87
469
318
125
334
174
347
396
299
117
243
84
216
343
115
111
70
151
321
149
94
87
472
119
274
447
427
194
343
280
294
296
286
380
434
95
338
297
456
15
482
325
219
226
454
13
333
152
237
157
157
463
66
303
300
82
425
250
121
180
49
43
231
180
422
480
488
253
279
107
2
321
103
221
133
56
129
370
489
380
342
349
430
464
476
207
65
232
15
239
254
353
193
494
106
252
496
266
480
98
157
104
486
314
161
305
484
73
242
414
82
295
385
230
140
153
323
298
267
69
42
417
323
214
275
132
418
11
7
240
409
131
473
289
408
496
157
76
272
278
292
146
113
398
365
298
288
30
108
77
408
94
6
281
331
263
294
457
167
458
456
402
276
351
227
162
267
364
90
34
499
170
280
66
81
189
282
53
373
94
330
43
485
306
408
334
276
498
251
471
354
92
342
251
80
259
417
222
63
420
460
180
162
249
205
173
487
167
137
496
396
345
489
197
500
206
247
73
158
422
145
171
479
414
166
288
322
354
46
470
297
164
268
14
263
16
68
467
330
332
429
126
357
284
87
39
453
294
24
1
478
33
476
59
41
423
427
12
1
137
112
405
468
95
14
35
302
471
368
449
111
185
159
444
255
411
121
67
343
69
238
115
235
331
245
135
40
120
126
423
118
107
115
27
77
214
197
243
278
113
106
118
329
226
327
450
90
225
93
284
171
31
390
418
430
317
452
398
477
4
262
23
172
264
56
337
124
20
318
139
191
443
282
475
485
454
432
142
363
226
